  -8.22999954    
  -5.96000004    
  -5.38000011    
  -4.26999998    
  -2.97000003    
  -2.84999990    
  -1.48000002    
  -1.15999997    
 -0.750000000    
 -0.180000007    
  0.310000002    
  0.829999983    
   1.48000002    
   1.58000004    
   1.63000000    
   2.22000003    
   3.11999989    
   3.56999993    
   4.57000017    
   4.96000004    
   5.21000004    
   5.34000015    
   6.51999998    
   6.53000021    
   7.84000015    
   7.88999987    
   7.98000002    
   8.76000023    
   9.11999989    
   9.43000031    
